2 270.098
2.09582 270
2 269.909
193.835 14
194 14.0999
194.223 14
194 13.832
193.835 14
109.31 22
110 22.6417
110.809 22
110 21.4731
109.31 22
193.525 34
194 35.0724
194.251 34
194 33.701
193.525 34
193.206 146
194 146.672
194.812 146
194 144.688
193.206 146
57.7403 150
58 150.356
58.2346 150
58 149.732
57.7403 150
5.85015 190
6 190.13
6.14362 190
6 189.81
5.85015 190
369.834 214
370 214.358
370.189 214
370 213.805
369.834 214
105.074 218
106 218.616
107.204 218
106 217.166
105.074 218
193.939 226
192.913 230
194 231.055
194.828 230
194.062 226
194 225.961
193.939 226
161.907 314
162 314.112
162.186 314
162 313.931
161.907 314
199.79 314
202 314.911
202.94 314
202 312.783
199.79 314
217.742 314
218 314.096
218.088 314
218 313.824
217.742 314
232.402 314
234 314.454
234.859 314
234 313.248
232.402 314
245.852 314
246 314.423
246.147 314
246 313.795
245.852 314
356.367 314
358 315.641
359.595 314
358 312.395
356.367 314
397.005 314
398 314.52
398.355 314
398 313.635
397.005 314
469.944 314
470 314.1
470.041 314
470 313.943
469.944 314
105.712 318
106 318.548
106.903 318
106 317.709
105.712 318
293.461 318
294 318.402
294.649 318
294 317.757
293.461 318
193.993 378
194 378.006
194.01 378
194 377.996
193.993 378
191.952 426
194 427.776
195.471 426
194 424.137
191.952 426
169.781 446
170 446.319
170.39 446
170 445.704
169.781 446
261.442 450
262 450.374
262.621 450
262 449.627
261.442 450
193.745 482
194 482.164
194.25 482
194 481.673
193.745 482
