106.173 26
106 26.1368
105.7 26
106 25.8441
106.173 26
350.131 26
350 26.1802
347.441 26
350 25.8168
350.131 26
194.273 54
194 54.2449
193.711 54
194 53.6523
194.273 54
370.244 58
370 58.3002
369.819 58
370 57.6381
370.244 58
246.653 94
246 94.7493
245.101 94
246 93.6211
246.653 94
194.193 178
194.021 182
194 182.018
193.981 182
193.846 178
194 177.783
194.193 178
182.254 186
182 186.26
181.762 186
182 185.806
182.254 186
218.695 218
218 218.804
217.387 218
218 216.95
218.695 218
194.298 294
194 294.313
193.77 294
194 293.697
194.298 294
46.5115 314
46 314.456
45.2889 314
46 313.438
46.5115 314
294.603 314
294 314.467
292.511 314
294 313.018
294.603 314
435.058 314
434 314.896
432.874 314
434 313.254
435.058 314
302.01 318
302 318.007
301.995 318
302 317.996
302.01 318
194.06 374
194 374.032
193.945 374
194 373.949
194.06 374
419.089 486
418 486.406
417.751 486
418 485.645
419.089 486
194.409 490
194 491.78
193.655 490
194 489.035
194.409 490
